{
 "cells": [
  {
   "cell_type": "markdown",
   "id": "622bc687",
   "metadata": {},
   "source": [
    "## 상관분석\n",
    "선형관계를 확인하기 위해 상관분석을 실시\n",
    "\n",
    "### Pearson's Correlation Coefficient\n",
    "- 수치형 변수의 비교\n",
    "- 상관계수가 0에 가까울수록 선형관계가 약하며 절대값이 1에 가까울 수록 선형관계가 강함\n",
    "\n",
    "#### pandas - corr()\n",
    "상관계수를 빠르게 뽑는 데이터프레임 전용 메서드\n",
    "\n",
    "method에 'pearson', 'kendall', 'spearman'는 각각의 상관계수로 계산\n",
    "\n",
    "#### scipy - pearsonr()\n",
    "Pearson 상관분석을 실시하는 scipy의 함수\n",
    "\n",
    "입력은 두 일차원 벡터를 넣고 출력은 상관계수와 p-value가 차례로 출력\n",
    "\n",
    "#### scipy - spearmanr()\n",
    "Spearman 상관분석을 실시하는 scipy의 함수\n",
    "\n",
    "입력은 두 일차원 벡터를 넣고 출력은 상관계수와 p-value가 차례로 출력\n",
    "\n",
    "#### scipy - kendalltau()\n",
    "Kendall 상관분석을 실시하는 scipy의 함수\n",
    "\n",
    "입력은 두 일차원 벡터를 넣고 출력은 상관계수와 p-value가 차례로 출력\n",
    "\n",
    "##### 함수명 뒤의 r, tau는 계수 또는 검정통계량 산출에 필요"
   ]
  },
  {
   "cell_type": "code",
   "execution_count": 42,
   "id": "0cf1013f",
   "metadata": {},
   "outputs": [],
   "source": [
    "import numpy as np\n",
    "import pandas as pd\n",
    "from scipy.stats import pearsonr\n",
    "from scipy.stats import spearmanr\n",
    "from scipy.stats import kendalltau"
   ]
  },
  {
   "cell_type": "code",
   "execution_count": 6,
   "id": "b9041425",
   "metadata": {},
   "outputs": [
    {
     "data": {
      "text/html": [
       "<div>\n",
       "<style scoped>\n",
       "    .dataframe tbody tr th:only-of-type {\n",
       "        vertical-align: middle;\n",
       "    }\n",
       "\n",
       "    .dataframe tbody tr th {\n",
       "        vertical-align: top;\n",
       "    }\n",
       "\n",
       "    .dataframe thead th {\n",
       "        text-align: right;\n",
       "    }\n",
       "</style>\n",
       "<table border=\"1\" class=\"dataframe\">\n",
       "  <thead>\n",
       "    <tr style=\"text-align: right;\">\n",
       "      <th></th>\n",
       "      <th>datetime</th>\n",
       "      <th>season</th>\n",
       "      <th>holiday</th>\n",
       "      <th>workingday</th>\n",
       "      <th>weather</th>\n",
       "      <th>temp</th>\n",
       "      <th>atemp</th>\n",
       "      <th>humidity</th>\n",
       "      <th>windspeed</th>\n",
       "      <th>casual</th>\n",
       "      <th>registered</th>\n",
       "      <th>count</th>\n",
       "    </tr>\n",
       "  </thead>\n",
       "  <tbody>\n",
       "    <tr>\n",
       "      <th>0</th>\n",
       "      <td>2011-01-01 00:00:00</td>\n",
       "      <td>1</td>\n",
       "      <td>0</td>\n",
       "      <td>0</td>\n",
       "      <td>1</td>\n",
       "      <td>9.84</td>\n",
       "      <td>14.395</td>\n",
       "      <td>81</td>\n",
       "      <td>0.0</td>\n",
       "      <td>3</td>\n",
       "      <td>13</td>\n",
       "      <td>16</td>\n",
       "    </tr>\n",
       "    <tr>\n",
       "      <th>1</th>\n",
       "      <td>2011-01-01 01:00:00</td>\n",
       "      <td>1</td>\n",
       "      <td>0</td>\n",
       "      <td>0</td>\n",
       "      <td>1</td>\n",
       "      <td>9.02</td>\n",
       "      <td>13.635</td>\n",
       "      <td>80</td>\n",
       "      <td>0.0</td>\n",
       "      <td>8</td>\n",
       "      <td>32</td>\n",
       "      <td>40</td>\n",
       "    </tr>\n",
       "  </tbody>\n",
       "</table>\n",
       "</div>"
      ],
      "text/plain": [
       "              datetime  season  holiday  workingday  weather  temp   atemp  \\\n",
       "0  2011-01-01 00:00:00       1        0           0        1  9.84  14.395   \n",
       "1  2011-01-01 01:00:00       1        0           0        1  9.02  13.635   \n",
       "\n",
       "   humidity  windspeed  casual  registered  count  \n",
       "0        81        0.0       3          13     16  \n",
       "1        80        0.0       8          32     40  "
      ]
     },
     "execution_count": 6,
     "metadata": {},
     "output_type": "execute_result"
    }
   ],
   "source": [
    "bike = pd.read_csv('ex/bike.csv')\n",
    "bike.head(2)"
   ]
  },
  {
   "cell_type": "code",
   "execution_count": 8,
   "id": "e83edaf3",
   "metadata": {},
   "outputs": [
    {
     "data": {
      "text/html": [
       "<div>\n",
       "<style scoped>\n",
       "    .dataframe tbody tr th:only-of-type {\n",
       "        vertical-align: middle;\n",
       "    }\n",
       "\n",
       "    .dataframe tbody tr th {\n",
       "        vertical-align: top;\n",
       "    }\n",
       "\n",
       "    .dataframe thead th {\n",
       "        text-align: right;\n",
       "    }\n",
       "</style>\n",
       "<table border=\"1\" class=\"dataframe\">\n",
       "  <thead>\n",
       "    <tr style=\"text-align: right;\">\n",
       "      <th></th>\n",
       "      <th>season</th>\n",
       "      <th>holiday</th>\n",
       "      <th>workingday</th>\n",
       "      <th>weather</th>\n",
       "      <th>temp</th>\n",
       "      <th>atemp</th>\n",
       "      <th>humidity</th>\n",
       "      <th>windspeed</th>\n",
       "      <th>casual</th>\n",
       "      <th>registered</th>\n",
       "      <th>count</th>\n",
       "    </tr>\n",
       "  </thead>\n",
       "  <tbody>\n",
       "    <tr>\n",
       "      <th>season</th>\n",
       "      <td>1.000000</td>\n",
       "      <td>0.029368</td>\n",
       "      <td>-0.008126</td>\n",
       "      <td>0.008879</td>\n",
       "      <td>0.258689</td>\n",
       "      <td>0.264744</td>\n",
       "      <td>0.190610</td>\n",
       "      <td>-0.147121</td>\n",
       "      <td>0.096758</td>\n",
       "      <td>0.164011</td>\n",
       "      <td>0.163439</td>\n",
       "    </tr>\n",
       "    <tr>\n",
       "      <th>holiday</th>\n",
       "      <td>0.029368</td>\n",
       "      <td>1.000000</td>\n",
       "      <td>-0.250491</td>\n",
       "      <td>-0.007074</td>\n",
       "      <td>0.000295</td>\n",
       "      <td>-0.005215</td>\n",
       "      <td>0.001929</td>\n",
       "      <td>0.008409</td>\n",
       "      <td>0.043799</td>\n",
       "      <td>-0.020956</td>\n",
       "      <td>-0.005393</td>\n",
       "    </tr>\n",
       "    <tr>\n",
       "      <th>workingday</th>\n",
       "      <td>-0.008126</td>\n",
       "      <td>-0.250491</td>\n",
       "      <td>1.000000</td>\n",
       "      <td>0.033772</td>\n",
       "      <td>0.029966</td>\n",
       "      <td>0.024660</td>\n",
       "      <td>-0.010880</td>\n",
       "      <td>0.013373</td>\n",
       "      <td>-0.319111</td>\n",
       "      <td>0.119460</td>\n",
       "      <td>0.011594</td>\n",
       "    </tr>\n",
       "    <tr>\n",
       "      <th>weather</th>\n",
       "      <td>0.008879</td>\n",
       "      <td>-0.007074</td>\n",
       "      <td>0.033772</td>\n",
       "      <td>1.000000</td>\n",
       "      <td>-0.055035</td>\n",
       "      <td>-0.055376</td>\n",
       "      <td>0.406244</td>\n",
       "      <td>0.007261</td>\n",
       "      <td>-0.135918</td>\n",
       "      <td>-0.109340</td>\n",
       "      <td>-0.128655</td>\n",
       "    </tr>\n",
       "    <tr>\n",
       "      <th>temp</th>\n",
       "      <td>0.258689</td>\n",
       "      <td>0.000295</td>\n",
       "      <td>0.029966</td>\n",
       "      <td>-0.055035</td>\n",
       "      <td>1.000000</td>\n",
       "      <td>0.984948</td>\n",
       "      <td>-0.064949</td>\n",
       "      <td>-0.017852</td>\n",
       "      <td>0.467097</td>\n",
       "      <td>0.318571</td>\n",
       "      <td>0.394454</td>\n",
       "    </tr>\n",
       "    <tr>\n",
       "      <th>atemp</th>\n",
       "      <td>0.264744</td>\n",
       "      <td>-0.005215</td>\n",
       "      <td>0.024660</td>\n",
       "      <td>-0.055376</td>\n",
       "      <td>0.984948</td>\n",
       "      <td>1.000000</td>\n",
       "      <td>-0.043536</td>\n",
       "      <td>-0.057473</td>\n",
       "      <td>0.462067</td>\n",
       "      <td>0.314635</td>\n",
       "      <td>0.389784</td>\n",
       "    </tr>\n",
       "    <tr>\n",
       "      <th>humidity</th>\n",
       "      <td>0.190610</td>\n",
       "      <td>0.001929</td>\n",
       "      <td>-0.010880</td>\n",
       "      <td>0.406244</td>\n",
       "      <td>-0.064949</td>\n",
       "      <td>-0.043536</td>\n",
       "      <td>1.000000</td>\n",
       "      <td>-0.318607</td>\n",
       "      <td>-0.348187</td>\n",
       "      <td>-0.265458</td>\n",
       "      <td>-0.317371</td>\n",
       "    </tr>\n",
       "    <tr>\n",
       "      <th>windspeed</th>\n",
       "      <td>-0.147121</td>\n",
       "      <td>0.008409</td>\n",
       "      <td>0.013373</td>\n",
       "      <td>0.007261</td>\n",
       "      <td>-0.017852</td>\n",
       "      <td>-0.057473</td>\n",
       "      <td>-0.318607</td>\n",
       "      <td>1.000000</td>\n",
       "      <td>0.092276</td>\n",
       "      <td>0.091052</td>\n",
       "      <td>0.101369</td>\n",
       "    </tr>\n",
       "    <tr>\n",
       "      <th>casual</th>\n",
       "      <td>0.096758</td>\n",
       "      <td>0.043799</td>\n",
       "      <td>-0.319111</td>\n",
       "      <td>-0.135918</td>\n",
       "      <td>0.467097</td>\n",
       "      <td>0.462067</td>\n",
       "      <td>-0.348187</td>\n",
       "      <td>0.092276</td>\n",
       "      <td>1.000000</td>\n",
       "      <td>0.497250</td>\n",
       "      <td>0.690414</td>\n",
       "    </tr>\n",
       "    <tr>\n",
       "      <th>registered</th>\n",
       "      <td>0.164011</td>\n",
       "      <td>-0.020956</td>\n",
       "      <td>0.119460</td>\n",
       "      <td>-0.109340</td>\n",
       "      <td>0.318571</td>\n",
       "      <td>0.314635</td>\n",
       "      <td>-0.265458</td>\n",
       "      <td>0.091052</td>\n",
       "      <td>0.497250</td>\n",
       "      <td>1.000000</td>\n",
       "      <td>0.970948</td>\n",
       "    </tr>\n",
       "    <tr>\n",
       "      <th>count</th>\n",
       "      <td>0.163439</td>\n",
       "      <td>-0.005393</td>\n",
       "      <td>0.011594</td>\n",
       "      <td>-0.128655</td>\n",
       "      <td>0.394454</td>\n",
       "      <td>0.389784</td>\n",
       "      <td>-0.317371</td>\n",
       "      <td>0.101369</td>\n",
       "      <td>0.690414</td>\n",
       "      <td>0.970948</td>\n",
       "      <td>1.000000</td>\n",
       "    </tr>\n",
       "  </tbody>\n",
       "</table>\n",
       "</div>"
      ],
      "text/plain": [
       "              season   holiday  workingday   weather      temp     atemp  \\\n",
       "season      1.000000  0.029368   -0.008126  0.008879  0.258689  0.264744   \n",
       "holiday     0.029368  1.000000   -0.250491 -0.007074  0.000295 -0.005215   \n",
       "workingday -0.008126 -0.250491    1.000000  0.033772  0.029966  0.024660   \n",
       "weather     0.008879 -0.007074    0.033772  1.000000 -0.055035 -0.055376   \n",
       "temp        0.258689  0.000295    0.029966 -0.055035  1.000000  0.984948   \n",
       "atemp       0.264744 -0.005215    0.024660 -0.055376  0.984948  1.000000   \n",
       "humidity    0.190610  0.001929   -0.010880  0.406244 -0.064949 -0.043536   \n",
       "windspeed  -0.147121  0.008409    0.013373  0.007261 -0.017852 -0.057473   \n",
       "casual      0.096758  0.043799   -0.319111 -0.135918  0.467097  0.462067   \n",
       "registered  0.164011 -0.020956    0.119460 -0.109340  0.318571  0.314635   \n",
       "count       0.163439 -0.005393    0.011594 -0.128655  0.394454  0.389784   \n",
       "\n",
       "            humidity  windspeed    casual  registered     count  \n",
       "season      0.190610  -0.147121  0.096758    0.164011  0.163439  \n",
       "holiday     0.001929   0.008409  0.043799   -0.020956 -0.005393  \n",
       "workingday -0.010880   0.013373 -0.319111    0.119460  0.011594  \n",
       "weather     0.406244   0.007261 -0.135918   -0.109340 -0.128655  \n",
       "temp       -0.064949  -0.017852  0.467097    0.318571  0.394454  \n",
       "atemp      -0.043536  -0.057473  0.462067    0.314635  0.389784  \n",
       "humidity    1.000000  -0.318607 -0.348187   -0.265458 -0.317371  \n",
       "windspeed  -0.318607   1.000000  0.092276    0.091052  0.101369  \n",
       "casual     -0.348187   0.092276  1.000000    0.497250  0.690414  \n",
       "registered -0.265458   0.091052  0.497250    1.000000  0.970948  \n",
       "count      -0.317371   0.101369  0.690414    0.970948  1.000000  "
      ]
     },
     "execution_count": 8,
     "metadata": {},
     "output_type": "execute_result"
    }
   ],
   "source": [
    "# 상관계수\n",
    "bike.corr(numeric_only=True)"
   ]
  },
  {
   "cell_type": "code",
   "execution_count": 9,
   "id": "92ecf4f1",
   "metadata": {},
   "outputs": [
    {
     "data": {
      "text/html": [
       "<div>\n",
       "<style scoped>\n",
       "    .dataframe tbody tr th:only-of-type {\n",
       "        vertical-align: middle;\n",
       "    }\n",
       "\n",
       "    .dataframe tbody tr th {\n",
       "        vertical-align: top;\n",
       "    }\n",
       "\n",
       "    .dataframe thead th {\n",
       "        text-align: right;\n",
       "    }\n",
       "</style>\n",
       "<table border=\"1\" class=\"dataframe\">\n",
       "  <thead>\n",
       "    <tr style=\"text-align: right;\">\n",
       "      <th></th>\n",
       "      <th>casual</th>\n",
       "      <th>registered</th>\n",
       "      <th>count</th>\n",
       "    </tr>\n",
       "  </thead>\n",
       "  <tbody>\n",
       "    <tr>\n",
       "      <th>casual</th>\n",
       "      <td>1.000000</td>\n",
       "      <td>0.497250</td>\n",
       "      <td>0.690414</td>\n",
       "    </tr>\n",
       "    <tr>\n",
       "      <th>registered</th>\n",
       "      <td>0.497250</td>\n",
       "      <td>1.000000</td>\n",
       "      <td>0.970948</td>\n",
       "    </tr>\n",
       "    <tr>\n",
       "      <th>count</th>\n",
       "      <td>0.690414</td>\n",
       "      <td>0.970948</td>\n",
       "      <td>1.000000</td>\n",
       "    </tr>\n",
       "  </tbody>\n",
       "</table>\n",
       "</div>"
      ],
      "text/plain": [
       "              casual  registered     count\n",
       "casual      1.000000    0.497250  0.690414\n",
       "registered  0.497250    1.000000  0.970948\n",
       "count       0.690414    0.970948  1.000000"
      ]
     },
     "execution_count": 9,
     "metadata": {},
     "output_type": "execute_result"
    }
   ],
   "source": [
    "bike[['casual', 'registered', 'count']].corr()"
   ]
  },
  {
   "cell_type": "code",
   "execution_count": 10,
   "id": "343a3b35",
   "metadata": {},
   "outputs": [
    {
     "data": {
      "text/html": [
       "<div>\n",
       "<style scoped>\n",
       "    .dataframe tbody tr th:only-of-type {\n",
       "        vertical-align: middle;\n",
       "    }\n",
       "\n",
       "    .dataframe tbody tr th {\n",
       "        vertical-align: top;\n",
       "    }\n",
       "\n",
       "    .dataframe thead th {\n",
       "        text-align: right;\n",
       "    }\n",
       "</style>\n",
       "<table border=\"1\" class=\"dataframe\">\n",
       "  <thead>\n",
       "    <tr style=\"text-align: right;\">\n",
       "      <th></th>\n",
       "      <th>casual</th>\n",
       "      <th>registered</th>\n",
       "      <th>count</th>\n",
       "    </tr>\n",
       "  </thead>\n",
       "  <tbody>\n",
       "    <tr>\n",
       "      <th>casual</th>\n",
       "      <td>1.000000</td>\n",
       "      <td>0.775785</td>\n",
       "      <td>0.847378</td>\n",
       "    </tr>\n",
       "    <tr>\n",
       "      <th>registered</th>\n",
       "      <td>0.775785</td>\n",
       "      <td>1.000000</td>\n",
       "      <td>0.988901</td>\n",
       "    </tr>\n",
       "    <tr>\n",
       "      <th>count</th>\n",
       "      <td>0.847378</td>\n",
       "      <td>0.988901</td>\n",
       "      <td>1.000000</td>\n",
       "    </tr>\n",
       "  </tbody>\n",
       "</table>\n",
       "</div>"
      ],
      "text/plain": [
       "              casual  registered     count\n",
       "casual      1.000000    0.775785  0.847378\n",
       "registered  0.775785    1.000000  0.988901\n",
       "count       0.847378    0.988901  1.000000"
      ]
     },
     "execution_count": 10,
     "metadata": {},
     "output_type": "execute_result"
    }
   ],
   "source": [
    "bike[['casual', 'registered', 'count']].corr(method='spearman')"
   ]
  },
  {
   "cell_type": "code",
   "execution_count": 11,
   "id": "dd0d630c",
   "metadata": {},
   "outputs": [
    {
     "data": {
      "text/plain": [
       "PearsonRResult(statistic=0.49724968508700823, pvalue=0.0)"
      ]
     },
     "execution_count": 11,
     "metadata": {},
     "output_type": "execute_result"
    }
   ],
   "source": [
    "pearsonr(bike['casual'], bike['registered'])"
   ]
  },
  {
   "cell_type": "code",
   "execution_count": 12,
   "id": "c4f553a9",
   "metadata": {},
   "outputs": [
    {
     "name": "stdout",
     "output_type": "stream",
     "text": [
      "0.49724968508700823\n",
      "0.0\n"
     ]
    }
   ],
   "source": [
    "stat,p = pearsonr(bike['casual'], bike['registered'])\n",
    "print(stat) # 상관계수\n",
    "print(p) # p-value"
   ]
  },
  {
   "cell_type": "code",
   "execution_count": null,
   "id": "af076673",
   "metadata": {},
   "outputs": [],
   "source": []
  },
  {
   "cell_type": "code",
   "execution_count": 24,
   "id": "40b777af",
   "metadata": {},
   "outputs": [
    {
     "data": {
      "text/plain": [
       "temp       -0.06\n",
       "atemp      -0.04\n",
       "humidity   -0.35\n",
       "casual     -0.35\n",
       "dtype: float64"
      ]
     },
     "execution_count": 24,
     "metadata": {},
     "output_type": "execute_result"
    }
   ],
   "source": [
    "bike[['temp', 'atemp', 'humidity', 'casual']].corr(numeric_only=True).round(2).min()"
   ]
  },
  {
   "cell_type": "code",
   "execution_count": null,
   "id": "f8e9b3ff",
   "metadata": {},
   "outputs": [],
   "source": []
  },
  {
   "cell_type": "code",
   "execution_count": 34,
   "id": "4ee34248",
   "metadata": {},
   "outputs": [
    {
     "data": {
      "text/html": [
       "<div>\n",
       "<style scoped>\n",
       "    .dataframe tbody tr th:only-of-type {\n",
       "        vertical-align: middle;\n",
       "    }\n",
       "\n",
       "    .dataframe tbody tr th {\n",
       "        vertical-align: top;\n",
       "    }\n",
       "\n",
       "    .dataframe thead th {\n",
       "        text-align: right;\n",
       "    }\n",
       "</style>\n",
       "<table border=\"1\" class=\"dataframe\">\n",
       "  <thead>\n",
       "    <tr style=\"text-align: right;\">\n",
       "      <th></th>\n",
       "      <th>season</th>\n",
       "      <th>level_1</th>\n",
       "      <th>atemp</th>\n",
       "      <th>casual</th>\n",
       "    </tr>\n",
       "  </thead>\n",
       "  <tbody>\n",
       "    <tr>\n",
       "      <th>0</th>\n",
       "      <td>1</td>\n",
       "      <td>atemp</td>\n",
       "      <td>1.000</td>\n",
       "      <td>0.478</td>\n",
       "    </tr>\n",
       "    <tr>\n",
       "      <th>1</th>\n",
       "      <td>1</td>\n",
       "      <td>casual</td>\n",
       "      <td>0.478</td>\n",
       "      <td>1.000</td>\n",
       "    </tr>\n",
       "    <tr>\n",
       "      <th>2</th>\n",
       "      <td>2</td>\n",
       "      <td>atemp</td>\n",
       "      <td>1.000</td>\n",
       "      <td>0.378</td>\n",
       "    </tr>\n",
       "    <tr>\n",
       "      <th>3</th>\n",
       "      <td>2</td>\n",
       "      <td>casual</td>\n",
       "      <td>0.378</td>\n",
       "      <td>1.000</td>\n",
       "    </tr>\n",
       "    <tr>\n",
       "      <th>4</th>\n",
       "      <td>3</td>\n",
       "      <td>atemp</td>\n",
       "      <td>1.000</td>\n",
       "      <td>0.381</td>\n",
       "    </tr>\n",
       "    <tr>\n",
       "      <th>5</th>\n",
       "      <td>3</td>\n",
       "      <td>casual</td>\n",
       "      <td>0.381</td>\n",
       "      <td>1.000</td>\n",
       "    </tr>\n",
       "    <tr>\n",
       "      <th>6</th>\n",
       "      <td>4</td>\n",
       "      <td>atemp</td>\n",
       "      <td>1.000</td>\n",
       "      <td>0.444</td>\n",
       "    </tr>\n",
       "    <tr>\n",
       "      <th>7</th>\n",
       "      <td>4</td>\n",
       "      <td>casual</td>\n",
       "      <td>0.444</td>\n",
       "      <td>1.000</td>\n",
       "    </tr>\n",
       "  </tbody>\n",
       "</table>\n",
       "</div>"
      ],
      "text/plain": [
       "   season level_1  atemp  casual\n",
       "0       1   atemp  1.000   0.478\n",
       "1       1  casual  0.478   1.000\n",
       "2       2   atemp  1.000   0.378\n",
       "3       2  casual  0.378   1.000\n",
       "4       3   atemp  1.000   0.381\n",
       "5       3  casual  0.381   1.000\n",
       "6       4   atemp  1.000   0.444\n",
       "7       4  casual  0.444   1.000"
      ]
     },
     "execution_count": 34,
     "metadata": {},
     "output_type": "execute_result"
    }
   ],
   "source": [
    "bike.groupby('season')[['atemp', 'casual']].corr(numeric_only=True).round(3).reset_index()"
   ]
  },
  {
   "cell_type": "code",
   "execution_count": 36,
   "id": "1882a5e7",
   "metadata": {},
   "outputs": [
    {
     "data": {
      "text/plain": [
       "0    0.478312\n",
       "1    0.378122\n",
       "2    0.381423\n",
       "3    0.443751\n",
       "Name: casual, dtype: float64"
      ]
     },
     "execution_count": 36,
     "metadata": {},
     "output_type": "execute_result"
    }
   ],
   "source": [
    "bike_corr = bike[['season', 'atemp', 'casual']].groupby('season').corr(numeric_only=True)\n",
    "bike_corr = bike_corr.reset_index()\n",
    "bike_corr.loc[(bike_corr['level_1']=='atemp'),]['casual'].reset_index(drop=True)"
   ]
  },
  {
   "cell_type": "code",
   "execution_count": null,
   "id": "35a29abe",
   "metadata": {},
   "outputs": [],
   "source": []
  },
  {
   "cell_type": "code",
   "execution_count": 51,
   "id": "cde35def",
   "metadata": {},
   "outputs": [
    {
     "data": {
      "text/html": [
       "<div>\n",
       "<style scoped>\n",
       "    .dataframe tbody tr th:only-of-type {\n",
       "        vertical-align: middle;\n",
       "    }\n",
       "\n",
       "    .dataframe tbody tr th {\n",
       "        vertical-align: top;\n",
       "    }\n",
       "\n",
       "    .dataframe thead th {\n",
       "        text-align: right;\n",
       "    }\n",
       "</style>\n",
       "<table border=\"1\" class=\"dataframe\">\n",
       "  <thead>\n",
       "    <tr style=\"text-align: right;\">\n",
       "      <th></th>\n",
       "      <th>is_sunny</th>\n",
       "      <th>level_1</th>\n",
       "      <th>temp</th>\n",
       "      <th>casual</th>\n",
       "    </tr>\n",
       "  </thead>\n",
       "  <tbody>\n",
       "    <tr>\n",
       "      <th>0</th>\n",
       "      <td>False</td>\n",
       "      <td>temp</td>\n",
       "      <td>1.000000</td>\n",
       "      <td>0.446361</td>\n",
       "    </tr>\n",
       "    <tr>\n",
       "      <th>1</th>\n",
       "      <td>False</td>\n",
       "      <td>casual</td>\n",
       "      <td>0.446361</td>\n",
       "      <td>1.000000</td>\n",
       "    </tr>\n",
       "    <tr>\n",
       "      <th>2</th>\n",
       "      <td>True</td>\n",
       "      <td>temp</td>\n",
       "      <td>1.000000</td>\n",
       "      <td>0.471053</td>\n",
       "    </tr>\n",
       "    <tr>\n",
       "      <th>3</th>\n",
       "      <td>True</td>\n",
       "      <td>casual</td>\n",
       "      <td>0.471053</td>\n",
       "      <td>1.000000</td>\n",
       "    </tr>\n",
       "  </tbody>\n",
       "</table>\n",
       "</div>"
      ],
      "text/plain": [
       "   is_sunny level_1      temp    casual\n",
       "0     False    temp  1.000000  0.446361\n",
       "1     False  casual  0.446361  1.000000\n",
       "2      True    temp  1.000000  0.471053\n",
       "3      True  casual  0.471053  1.000000"
      ]
     },
     "execution_count": 51,
     "metadata": {},
     "output_type": "execute_result"
    }
   ],
   "source": [
    "bike['is_sunny'] = np.where(bike['weather']==1, True, False)\n",
    "bike_corr = bike.groupby('is_sunny')[['temp', 'casual']].corr().reset_index()\n",
    "bike_corr"
   ]
  },
  {
   "cell_type": "code",
   "execution_count": 62,
   "id": "3720da53",
   "metadata": {},
   "outputs": [
    {
     "data": {
      "text/plain": [
       "0.02469"
      ]
     },
     "execution_count": 62,
     "metadata": {},
     "output_type": "execute_result"
    }
   ],
   "source": [
    "round(abs(bike_corr.iloc[0,3] - bike_corr.iloc[2,3]), 5)"
   ]
  }
 ],
 "metadata": {
  "kernelspec": {
   "display_name": "Python 3 (ipykernel)",
   "language": "python",
   "name": "python3"
  },
  "language_info": {
   "codemirror_mode": {
    "name": "ipython",
    "version": 3
   },
   "file_extension": ".py",
   "mimetype": "text/x-python",
   "name": "python",
   "nbconvert_exporter": "python",
   "pygments_lexer": "ipython3",
   "version": "3.11.5"
  }
 },
 "nbformat": 4,
 "nbformat_minor": 5
}
